1.89004809371761
1.90914347388995
1.92836506884015
1.94771302965891
1.96718712914041
1.98678747607965
2.0065136798223
2.02636580292656
2.04634370447145
2.06644697938287
2.08667543417205
2.10702890699259
2.12750678964354
2.14810886084288
2.16883468895714
2.18968380955813
2.2106557241318
2.23174977954282
2.25296552430069
2.27430223032423
2.29575912992434
2.3173355335391
2.33903064940636
2.36084358200997
2.38277339008956
2.40481911480561
2.42697971845449
2.44925408274375
2.47164100702216
2.4941393256726
2.51674769763179
2.53946472368704
2.56228900411836
2.58521898767335
2.60825307380962
2.63138961057543
2.65462680302878
2.67796284511764
2.70139580563368
2.7249236593936
2.74854430066495
2.7722558194746
2.79605782226174
2.8199500653919
2.84393240166542
2.86800513364032
2.89216789467275
2.91642078197025
2.94076344836864
2.96519601322113
2.98971837984872
3.01433047232232
3.03903197849533
3.06382331436364
3.08870395566171
3.113674114569
3.13873377088063
3.16388221706472
3.18912017045273
3.2144474238128
3.23986331356691
3.26536861129134
3.29096268062346
3.31664561766621
3.3424175364099
3.36827833432352
3.39422780451695
3.42026599854494
3.44639322713989
3.4726089917964
3.49891364339163
3.52530708393498
3.55178911652274
3.57836016271184
3.60501983708193
3.63176849246316
3.65860603116723
3.68553262122804
3.71254833835474
3.7396530474476
3.76684724156278
3.79413084367651
3.82150393015401
3.84896684614593
3.87651949288355
3.90416240326122
3.93189542726997
3.95971916784675
3.98763366948249
4.01563925186114
4.04373609330975
4.07192477709562
4.10020544326708
4.12857851803998
4.15704453226519
4.18560375988098
4.2142567659218
4.24300398032755
4.27184606646567
4.30078343451922
4.3298167327611
4.35894666019232
4.38817385488215
4.41749904164221
4.44692297324817
4.47644643705354
4.5060703107752
4.53579551050746
4.56562292513553
4.59555359844769
4.62558856108025
4.65572882086808
4.6859738451971
4.71631716212909
4.74675325592182
4.77727447080047
4.80787384605493
4.8385436795234
4.86927649629962
4.90006452159692
4.93089899785043
4.96177110677282
4.99267196215865
5.02359237189326
5.05452210322412
5.08545130729629
5.11636979405928
5.14726654678266
5.17812970909299
5.20894824331161
5.23970977318214
5.27040200562485
5.30101176252686
5.331525447671
5.36192951006551
5.39220947844918
5.42235018547228
5.45233671202187
5.48215293763048
5.51178224512372
5.54120798530642
5.57041238370048
5.59937736597655
5.62808406183145
5.65651326776907
5.6846450747856
5.71245896895468
5.73993333607589
5.76704640327477
5.79377562147154
5.82009746820225
5.84598790805802
5.87142207416821
5.8963743082308
5.92081826051542
5.94472668974223
5.96807147227937
5.99082369563008
6.01295396996604
6.03443804847513
6.05525785947806
6.07539229682481
6.09482134050409
6.11352557463796
6.13148382609443
6.14867360309234
6.16507442948006
6.18066308082071
6.19541761767123
6.20931428067362
6.22232915001656
6.23443837402463
6.24561696938443
6.25583976255538
6.26508090670238
6.27331398649561
6.28051225139627
6.28664800100235
6.29169330150013
6.29561936511218
6.29839702786083
6.29999640863054
6.30039939760033
6.29963693069266
6.29775532895564
6.29480382666073
6.29083408141246
6.28590024112282
6.28005996565534
6.27337455642608
6.26590714482017
6.25772467798235
6.24889781235137
6.2395005232625
6.22961022722473
6.21930788647458
6.20867860926577
6.19781128555963
6.18679894686516
6.17573890060524
6.16473212967034
6.1538847450018
6.14330728601438
6.13311473622471
6.12342726336578
6.11436970744357
6.1060722586479
6.09867023200664
6.09227263573647
6.08691754681521
6.08263611858242
6.07945677015852
6.07741204957152
6.07653243133781
6.07685087969759
6.07840040171144
6.08121462771824
6.08532804440952
6.09077647080129
6.09759555254344
6.10582278132856
6.11549509253517
6.12665221961817
6.13933288258412
6.15357769110904
6.16942773144117
6.18692554396767
6.20611392664035
6.22703765203687
6.24974084654542
6.27427036179963
6.30067340555622
6.32899710035392
6.35929204622373
6.39160786699082
6.42599558746789
6.46250883042639
6.5012005589532
6.54212614534819
6.58534152767413
6.6309039361371
6.67887238389853
6.7293067615753
6.78226823870146
6.83781960060369
6.89602483679714
6.95694917302459
7.02065973662805
7.0872247670203
7.1567140653172
7.22919907895532
7.30475279367863
7.38344970418142
7.46536599497263
7.550576585553
7.63911848527645
7.73099382222532
7.82620198452196
7.92474275656456
8.02661306421741
8.13180694670669
8.24031802932131
8.3521372828953
8.46725329648944
8.58565327235216
8.70732116774451
8.83223963520383
8.96038904895153
9.09174522025506
9.22628350542046
9.36397667661527
9.50479272481479
9.64869880999745
9.79565828135552
9.94563184622302
10.0985756987554
10.2544442299438
10.4131880083976
10.5747536646057
10.7390852009176
10.9061215233588
11.0757983904511
11.2480476278697
11.4227969788817
11.5999695114802
11.7794839419063
11.961254700547
12.1451915912976
12.3311992052282
12.5191773336107
12.7090204761634
12.900617934972
13.0938537884653
13.2886057357446
13.484746315047
13.6821417375477
13.8806521254184
14.0801309494264
14.2804255824982
14.4813761777237
14.6828160461455
14.8845712767426
15.0864606342208
15.2882953348108
15.489886837113
15.691059294872
15.8916351106332
16.0914241466594
16.2902356328851
16.4878638733465
16.6841021569225
16.8787321609937
17.0715274879321
17.262254377604
17.4506686459416
17.636519189666
17.8195458872564
17.9994745380881
18.1760289963182
18.3489151620752
18.5178335805122
18.6824729562804
18.8425108038732
18.9976136269771
19.1474356500922
19.2916213814635
19.4298000030823
19.5615915215343
19.6866011457781
19.8044206056164
19.9146294874826
20.016792937301
20.110460859301
20.1951697270628
20.2704418392956
20.3359914956493
20.3918889936323
20.4382525362692
20.4752100022097
20.5029022659238
20.521481666724
20.5311119507148
20.5319696488246
20.5242447434168
20.508139762376
20.4838825289244
20.4518523944409
20.412555848152
20.3665258612356
20.3143205318692
20.2565315375125
20.193776485627
20.1267017290193
20.0559871341383
19.9823451339819
19.9065188870148
19.8292870894434
19.7514636227676
19.6738975422938
19.5974750175443
19.5229476089295
19.4504342471635
19.3799195566471
19.311383951217
19.2448019704449
19.180149891845
19.1173979198603
19.0565157076366
18.9974696154675
18.9402264000038
18.8847434002009
18.8309820698519
18.7788981202677
18.7284415145612
18.6795649589695
18.6322103724138
18.5863231955438
18.5418416773211
18.498700645769
18.4568332623823
18.4161661421447
18.3766240073769
18.3381257308633
18.3005870760087
18.2639200495007
18.228029513213
18.1928181545873
18.1581836040577
18.1240168021014
18.0902051369252
18.0566309415329
18.0231689128292
17.989691141023
17.9560613079927
17.922138695131
17.8877757354991
17.852818674705
17.817107338074
17.7804746192633
17.7427468131021
17.7037992656172
17.6636241409655
17.6222424691773
17.5796663566014
17.535915080655
17.491007636974
17.444963639327
17.3978053445532
17.3495557678256
17.300240638793
17.2498846641324
17.1985182221537
17.1461717331673
17.0928747451685
17.0386626708335
16.983568265845
16.9276312312955
16.8708911261431
16.8133888589938
16.7551681893136
16.6962748406925
16.6367575374089
16.5766656710589
16.51605369486
16.4549764124913
16.3934919186582
16.331660980535
16.269547585853
16.2072174752957
16.1447403296783
16.0821874919938
16.019567929412
15.9567727362116
15.8936776467899
15.8301511906409
15.7660554752851
15.7012498369318
15.6355849350312
15.5689073437376
15.5010536420998
15.4318578601945
15.3611436446583
15.2887316954741
15.214431927446
15.1380485054027
15.0593777198311
14.9782072904833
14.8943180413183
14.8074822410831
14.7174624075869
14.6240139217202
14.5268812037078
14.4258012605692
14.3205002122003
14.2106950362798
14.0960919537718
13.9764698239749
13.8519036633379
13.7225430270906
13.5885468750583
13.4500819487909
13.3073296875915
13.1604761971715
13.0097200936679
12.8552719388179
12.6973507563221
12.5361896310741
12.3720303518277
12.2051314301884
12.0357589169826
11.8641954078114
11.6907354295009
11.5156872884378
11.3393734866751
11.1621311731312
10.9843130714093
10.8062867562988
10.6284104814634
10.4507739611404
10.2732931624364
10.0958774137182
9.91843082295932
9.74085490188347
9.56304455243352
9.38489089991748
9.2062791199873
9.0270893139271
8.84719581219706
8.66646947364976
8.48477313132469
8.30196529896808
8.11789661173958
7.93241254111541
7.74535413477721
7.55655211031278
7.36583237608936
7.17301344719893
6.97790670616255
6.78031667736289
6.58003888595224
6.37686131077072
6.17056463218227
5.96092077655268
5.74769271414048
5.53063442432105
5.30949110336905
5.08399880145158
4.85388332561957
4.61886099859055
4.37863753250893
4.13290846272145
3.88135826607404
3.62442314691577
3.36703769204034
3.11598268969703
2.87833641631557
2.66148303812508
2.47312051803233
2.3212703096658
2.21421879084249
2.1576984982953
2.15375150719639
2.20420351695356
2.31092902265259
2.47585226987981
2.70094950554599
2.98822936018399
3.33797584474784
3.74727351387522
4.21271740669846
4.73071843719335
5.29750006366177
5.90909034273653
6.56131730385257
7.24980134484147
7.96994971304321
8.71694900405349
9.4857589387395
10.271104919482
11.0674709476707